4607
2987
448
3284
2386
957
1973
1086
1968
4807
1121
2589
4575
3211
1954
1701
2015
3795
628
309
48
1962
345
4872
1673
4102
1847
3231
1803
4376
1019
404
1316
1973
2907
2821
3495
3181
2017
1595
2416
2957
2764
351
3077
3875
737
4424
2545
2070
2046
3115
762
3191
1255
599
4226
3936
2065
4003
3994
3607
1396
4703
3650
3718
4622
4124
3054
4339
1922
2449
4707
1511
1016
2939
247
4501
2774
3239
2029
42
2228
4375
4464
4603
2988
1240
4959
495
4392
1492
2079
802
2822
4304
3318
1386
1047
1356
11
3530
877
3522
1364
2425
3914
1917
3343
3886
2461
1152
4682
1602
720
975
3237
1074
3085
518
4701
3064
1255
2261
3068
2005
2420
3140
3020
3381
4664
4857
1179
4215
2293
411
4783
327
2198
3521
2138
657
4259
4876
401
1268
4159
1454
191
1721
1141
4878
527
1935
1993
3418
510
2077
3347
4655
599
2179
69
631
4984
941
3854
1855
1817
3396
144
988
461
235
1523
4562
705
4131
772
1945
737
3387
3056
2684
450
3104
3547
631
282
2869
2437
4172
3147
4975
3356
3658
2495
1592
69
1107
4022
3342
2099
4057
338
407
1538
4732
3756
4482
4693
210
4759
3525
2755
1387
1313
2695
464
3160
4074
3074
2008
2992
182
271
3975
1167
1596
2109
4020
2531
417
1831
4532
995
2583
2881
3314
2463
2086
4527
4476
838
957
258
4553
4080
649
4976
1054
4745
1052
4295
2480
503
1361
4229
4555
264
2084
4303
4865
3626
783
2500
1207
1040
1326
470
3889
3414
2532
540
1430
1650
1263
358
4758
2383
4982
4159
431
695
4498
144
3615
4780
2338
143
2252
1347
2433
3443
2768
3637
1595
2530
1576
3820
4997
4305
2515
2926
745
3991
799
4089
2840
4126
398
3996
2091
4511
1192
701
2450
210
1179
1740
1501
4967
758
1811
321
1356
3099
4344
2905
4795
2170
3785
3542
1558
922
4971
1034
2810
2346
2127
1510
4813
2182
2122
1484
3182
37
1095
2502
4344
2743
2650
4845
1666
196
4188
1166
1342
3616
4326
567
124
4987
3516
1151
1026
2020
4281
4963
1402
2853
24
4644
80
4865
2389
1662
1334
4314
1073
604
4527
4192
1676
1743
3628
508
2290
430
1030
1306
2173
3046
4185
2925
2314
3459
1104
4252
4163
3391
2971
3826
3728
894
2050
2923
1387
997
421
867
527
1191
2458
1857
428
4782
2721
832
425
1635
687
453
2750
3181
1645
3980
3790
1069
909
3318
3309
4034
1937
4494
2892
2096
2512
929
654
4868
2581
619
85
490
4853
4942
126
3207
4701
2789
622
1259
4350
2134
3776
1686
94
326
4692
803
2972
631
2885
833
4208
4884
1934
2950
1436
2750
2698
2895
4699
183
56
1171
2045
4803
2783
3134
3796
4350
1572
1360
1534
2224
1797
2085
287
1957
1248
552
2322
2242
3957
1416
652
2834
500
4229
1333
2750
45
131
4547
3667
3747
565
765
2756
1627
957
3825
3552
1935
3008
2171
839
3881
4159
3859
1583
4982
919
658
859
4265
18
2072
3378
1889
1055
2340
4997
3321
1460
865
4618
2113
2532
3346
3926
678
3947
1074
1856
771
2446
4834
288
3849
2455
608
558
1051
3174
152
222
1815
2148
626
2073
1417
3769
1807
1640
490
493
121
2762
4952
2491
695
4492
2211
4970
4642
3696
3812
885
1422
3102
1377
2378
3104
3230
2401
872
1937
2440
4025
3889
4908
699
993
215
4890
234
3238
3435
447
2349
1124
2320
2096
923
3655
3462
3676
2036
2678
1507
3252
341
1997
4580
4656
3277
4694
4553
440
1460
1947
2822
668
1892
4843
2501
4888
1183
31
2033
4423
4232
4095
3134
3378
4901
2629
2420
3717
3354
342
4139
3607
3753
4152
2336
3661
2093
4213
1461
3481
319
2339
4526
2892
3863
4292
4240
2997
892
393
4204
3220
4550
1798
3753
960
4832
4402
1096
4106
2676
2902
920
4116
1191
2967
4522
3057
1883
4778
224
1329
2763
2499
3942
3929
1345
3689
1722
222
971
449
95
1356
509
3286
2461
1567
616
4786
1421
2741
759
2892
1816
4630
4658
662
1167
3473
4859
4945
965
3684
4062
2967
425
3927
1622
3493
704
998
1810
4139
823
2393
4399
3346
3222
522
1071
4225
2152
2723
4559
3891
2462
705
262
4624
4475
3361
4969
3262
3082
877
1187
3397
2252
1898
1786
460
4831
3313
4901
299
3592
2017
2009
3790
1416
3006
4099
1250
1484
4048
4304
1391
4158
4178
4320
1594
257
2284
1144
3814
1690
1800
1367
1407
1579
2214
3784
4578
4537
3092
4934
1356
3133
2998
3463
2830
2271
2542
3543
370
221
3663
3045
4308
1732
268
2842
856
2542
1200
1190
1172
4441
3065
292
4489
4385
3079
2990
2564
2315
3059
4435
1003
346
4829
2501
3830
2055
1910
4863
3916
2193
1398
3627
2871
4772
2907
290
4613
3589
4128
429
1171
2420
3949
4768
3136
3578
4616
1854
2700
4274
456
3032
372
4148
2954
358
3906
4132
4123
904
3733
2665
3840
4614
3506
1322
652
356
4006
731
4519
1937
3265
1941
2440
423
3368
4251
2455
3845
4480
760
4785
1967
354
4166
3073
511
143
2778
4880
3485
881
1028
440
2154
3219
1426
3115
602
550
1731
3427
592
994
841
4085
1971
3189
872
2407
4766
1219
1115
618
4326
2554
2053
582
1132
1064
2933
2793
4146
4363
1059
4332
802
557
712
3386
4546
2402
4802
606
4108
2272
4724
4112
4082
3978
1628
1459
1655
432
3709
4206
1720
3143
533
1845
4761
1257
4345
2443
1940
2336
3861
1846
1356
660
2472
3687
295
918
3899
2421
1138
1856
1882
4109
4791
684
2283
2160
410
4766
2948
985
2633
758
1881
1545
689
4774
3947
1145
1037
1932
4980
2564
1978
2308
318
3486
3518
686
4083
1740
2302
4031
1287
3457
2631
727
962
3851
2356
2030
202
4576
2230
2835
4678
520
506
4923
45
848
259
618
4068
360
113
1217
1630
306
2378
2685
4582
983
4092
4360
4256
4376
900
3870
2853
2566
889
3221
2933
1806
3818
2746
4455
4133
1350
3372
3676
499
1474
3471
4682
927
2156
4648
4156
711
4095
2680
846
3106
711
3959
127
1189
1596
806
3135
3862
1644
3576
2464
992
3665
4966
1801
4371
2738
1870
2716
4487
2340
2927
4849
701
801
2132
4884
2218
3881
2202
258
2625
4861
1760
3321
4684
2299
130
3885
4311
459
3490
758
4761
2751
1451
2063
2079
4745
2867
3690
4255
503
2965
3062
4966
4194
2920
4771
3494
2389
4896
1004
3912
2144
4959
1706
2450
4195
127
4202
2549
2960
1127
2205
4909
1593
1047
4678
4669
2057
57
3504
3695
4015
4550
2053
3846
3180
2794
3035
616
941
862
1368
3843
4549
3680
1751
250
234
2849
2555
3307
727
1651
2640
3153
4706
1988
2873
3026
1260
3755
2123
2844
1854
3614
3809
992
1835
4478
4073
1483
280
3119
1252
1181
3495
3416
2282
192
1707
579
3163
3167
4902
978
2843
1616
4366
1495
3405
776
3343
4309
1112
225
1090
704
3727
4754
4602
4582
4881
3587
735
4905
449
1132
3588
2626
3273
473
1850
4595
135
1996
1360
1968
2106
2327
82
627
725
4108
102
355
2985
1203
2374
3305
594
2039
1319
1863
2392
4533
3216
2197
2941
2698
1190
281
398
1504
4636
4138
643
4349
1984
546
4384
3337
1825
949
4830
3009
2508
1042
1564
3757
1542
637
3822
66
2484
4430
784
2260
678
4786
1868
2028
1690
51
2863
2138
580
4863
721
4264
2099
3570
875
1682
4919
4977
1779
3997
2455
4044
3539
3787
87
2887
2992
2296
3366
2190
190
725
4461
1746
105
3566
4827
1188
1590
1866
3150
4780
3480
951
3461
3678
2062
4063
2744
4378
2361
3323
641
3367
2396
1490
787
2644
868
2118
4576
1083
3487
4339
1242
4921
1657
837
3303
2406
4201
2709
2319
3326
746
1407
4353
465
3357
971
153
4253
724
3966
543
1174
4489
93
865
632
205
3950
3904
257
1237
2994
2423
2765
3391
1387
3504
3414
2242
1542
4122
232
3883
2700
781
119
3044
3003
773
4630
3039
4996
1228
3053
592
4593
2994
2294
3496
4405
3672
492
798
719
627
3528
4200
548
3571
2137
4799
4001
4939
3863
1824
4282
2339
861
1519
2378
3008
4521
1950
2695
3550
16
3780
681
2900
979
1096
327
173
1640
2500
861
1727
3815
3023
4638
2228
530
2875
2475
1094
4767
845
925
1072
885
946
3124
1407
4009
2406
2428
2887
692
896
3265
882
1970
2290
2424
2403
242
1885
849
1697
133
2001
1748
4135
2853
2985
3247
344
3283
3037
145
1895
357
4449
2694
4429
2138
2051
2272
3508
2675
1306
3166
4256
1768
1498
3075
37
1692
2251
2534
68
3511
2265
4682
1823
2126
4231
3393
2740
4664
1525
1730
3174
903
3016
75
1638
946
168
1309
297
2595
1925
11
3859
2273
1195
3662
1657
2180
3132
3465
236
3057
548
4595
505
393
1744
2646
4862
4066
3304
4867
751
3625
51
336
4182
2178
650
2120
1689
743
893
885
4165
217
4313
3084
2209
4101
971
628
2461
2582
4094
965
3113
3931
1984
2178
3706
3236
3138
2786
1599
4327
4175
3368
514
3809
532
3341
3218
4139
357
175
4237
3387
777
264
1666
4611
315
3238
60
635
2202
370
4691
3334
4282
367
3661
2075
897
1065
1458
1595
486
4880
4581
1401
2427
4119
1726
3091
1827
1653
2404
2916
4462
3664
2384
2123
330
2984
1812
2779
4188
1199
3651
3832
3292
1307
1250
411
758
94
4388
2234
3317
4011
1019
4399
2930
1884
194
371
1170
2036
4360
3303
517
2198
894
399
875
1577
1338
4580
4641
2576
1156
1420
3753
3402
4725
2071
4936
379
3888
4545
2040
2253
2409
4439
3294
3767
1473
4704
1718
4199
116
393
2698
2223
4345
317
4034
2506
2152
3056
4837
2450
4131
3406
3741
2591
611
3636
2785
4301
2003
3418
3236
1163
2993
4524
2706
1747
3041
4292
947
931
1532
4662
1600
391
4893
2744
4674
97
4284
1675
4819
3959
452
4242
1180
1206
4151
4542
4021
1128
401
2467
2395
560
1353
3059
723
3470
2956
2237
4445
507
1956
4882
3724
2162
1574
1788
513
4673
1978
2466
3399
19
2891
4412
722
3084
1709
640
4625
1176
1198
4727
3746
1464
893
1728
1900
1114
487
2934
752
2524
3729
1560
3321
780
128
1053
1746
2711
2956
3017
583
3076
2819
961
3763
1732
185
3447
1312
1473
4349
2690
1910
3984
4279
4710
1746
4180
1054
4139
3896
4073
1854
3053
2243
2313
1118
263
3297
4334
4312
1412
4388
2125
3201
1612
3547
2459
808
2159
2879
4215
1140
1913
729
3995
2997
2690
4057
4512
1373
4760
3153
230
944
4156
4056
3861
2894
3950
3522
2811
769
3886
4564
4906
1345
1344
3686
2428
2109
1227
930
4838
3829
1654
3528
846
4371
2663
3628
107
2975
2626
1447
1368
217
3314
3849
124
1489
2807
937
3153
3219
2716
2051
2366
4591
1619
952
3987
4980
1112
2604
2881
3157
447
2840
1428
2475
2131
2647
751
3225
3387
4622
1538
4071
3659
3141
25
1726
213
106
2180
1523
346
2220
4238
1575
425
1485
3909
1098
2017
3913
302
4711
175
1427
3922
579
3143
1927
688
119
1569
1114
2328
4221
4018
3301
3866
4304
612
3793
929
4340
4691
628
2703
612
1604
3033
3733
2890
268
3318
2039
2337
1306
1967
3035
2878
3978
944
1228
1877
991
735
3199
2544
108
3128
4177
1794
360
1978
4467
3634
812
2543
2699
955
953
3441
1432
2816
4427
1447
794
3517
284
3559
1139
3704
1478
2589
4022
318
3817
618
4586
3603
285
888
3995
1705
2997
3489
4462
3633
4040
519
3567
1984
3077
3687
3769
4192
4594
4039
3777
4096
4553
4470
4143
1030
3856
2267
2937
2272
2907
3101
1670
4226
4184
4025
4244
1425
2119
850
511
3390
2716
1979
1671
2567
2587
416
2684
4975
2390
2643
305
4974
966
1714
4610
1499
3219
3997
659
1933
90
653
2134
1009
1330
3472
4889
2126
3675
1929
2458
2036
1564
3605
15
1595
1599
3960
4134
2144
3987
1518
550
3546
4653
221
969
2995
3021
735
4006
4906
3272
30
535
1629
4519
3728
2084
1435
3027
2379
2289
4119
899
4265
4251
2745
221
3020
3787
4991
3013
1885
4724
2657
3988
3189
855
3738
1711
479
4264
4266
3531
4541
3140
2321
4522
4438
321
4533
2925
3114
2155
4676
2015
292
2847
3117
1449
1318
3285
3065
4207
1155
1943
3351
1822
4853
2712
2437
3080
4694
4467
1699
3742
2588
1009
2281
2272
3550
1646
4016
2588
2363
473
2750
3801
2930
534
691
2295
4027
1610
313
4246
3845
1411
4192
2943
2137
3417
95
2386
4835
884
4431
4485
2152
3675
3825
477
2915
3382
4128
276
2090
3761
2761
4736
310
2806
127
268
3872
4174
2531
77
3950
1931
4920
4571
84
4157
1524
2698
1584
4975
483
3252
3846
3357
3118
4732
3714
4821
3353
1290
4524
3847
3914
2326
4836
4505
2508
955
4423
2548
2363
2665
4003
4149
2898
366
348
4097
2033
3507
425
2784
939
3759
3552
3708
2067
2994
134
2830
302
1616
1299
3909
3267
752
1986
1765
599
2439
118
2872
1662
950
4647
1115
4972
589
92
536
2057
1842
2243
2515
2826
2618
1756
2459
1732
899
3411
1423
1332
4180
2172
1394
3738
3265
1273
2092
3044
4878
1831
4359
991
1215
4135
771
224
4955
1376
1854
1560
3235
113
1836
4150
986
1100
4414
1902
4626
2239
778
919
48
940
967
355
4414
807
3339
559
4612
4992
2828
138
1674
1862
2567
3963
4347
3660
2360
2786
3017
2608
3774
753
1530
1174
4698
3532
20
419
508
3227
1170
2277
834
1312
2283
1024
4878
2699
3971
1491
819
2532
160
3305
1412
4624
2395
2196
2217
3188
4361
588
583
4928
4710
1396
1938
58
1141
3061
2633
3451
1717
4845
3559
2823
4483
527
3065
1342
904
3190
2609
4311
3936
1700
3182
3532
2919
4132
1166
889
1927
3080
1193
3150
1858
1260
763
4812
352
1089
4893
1988
3790
2198
2537
2411
2811
169
800
2850
4960
4219
4041
4193
2060
1530
2017
412
3873
4560
1250
1677
1438
424
1106
2321
274
1785
176
4071
2562
515
1196
1618
1599
4022
2164
2352
3543
1657
431
3716
254
2584
2800
3398
3112
2407
2297
1754
1350
3924
761
2997
2699
4209
52
259
530
2030
3005
4446
4110
29
1994
2105
4197
1927
284
2379
2210
3740
4810
1775
4262
3800
537
2184
3194
3001
1178
3458
3723
372
3544
2708
578
2583
204
2689
2679
3713
1767
1725
4458
1190
3427
517
4797
2055
406
3599
3201
1286
877
4137
1556
1126
3401
3469
4676
3465
2976
4698
1659
764
3442
4846
502
2893
2694
1903
3723
3581
2769
4185
2519
2328
1115
4369
1874
352
4310
1144
4248
50
859
556
3108
4472
4827
624
363
2517
3702
924
2058
2976
716
2447
1924
4704
1846
560
3996
2005
4056
1813
2564
3167
4477
1434
512
64
775
3443
2090
1100
1002
4877
4315
2497
2955
1006
1922
4769
3802
2157
2732
3620
2529
1836
4408
1363
1904
4746
2501
815
1871
413
827
56
4759
4260
403
2026
1589
1163
1676
113
3444
2584
3587
557
3678
554
1430
3240
3334
1489
2893
3948
405
4512
1277
1667
4176
935
4402
454
1498
397
3729
4198
875
3931
160
689
2197
1020
186
3084
1446
3456
1426
1312
1831
880
4611
4839
1176
2795
4793
1173
4997
3207
2240
1427
4786
868
184
4086
806
2626
1529
3614
3559
1779
41
2547
698
1962
1887
1506
1004
874
595
358
4371
668
4356
889
3146
2849
357
2969
1469
1894
3573
416
3377
2909
1417
2915
4798
1639
4937
1340
4085
1407
460
4875
4472
4738
2280
719
1218
3115
3002
466
3173
2675
4054
3587
1449
1693
3836
3213
4895
2663
4039
1229
2427
3733
2923
209
4351
3768
1618
467
1298
4764
379
4453
1228
1263
2665
2318
4292
756
4699
3962
633
2744
917
1432
3729
3772
3642
3734
3041
2504
2147
3399
2914
1913
4113
2076
956
3050
259
3256
514
4598
2844
3620
4434
485
4533
2444
1046
140
4218
4113
3948
495
340
589
3694
562
2907
942
2391
189
1309
3609
603
3589
375
872
650
127
2222
4254
4369
4608
274
2534
876
4993
4665
1420
2004
766
3212
731
3673
4604
4856
2110
2172
1122
3275
2946
204
2929
2688
216
1923
3813
4177
2377
3412
1790
352
730
1899
856
1610
1998
2200
877
2472
4683
1290
2389
4076
1420
1780
1108
1004
1438
4199
4281
2014
1543
772
1383
545
2392
860
2965
1619
475
2286
1200
4436
759
4972
1936
4094
1552
330
1991
752
1004
3267
4046
1637
2160
2234
1426
2430
2833
4371
1852
2361
2519
1628
3086
267
1532
4515
4912
4649
2898
2973
931
4751
3089
1191
1637
148
4080
3757
2587
2202
244
765
733
69
2188
4175
3282
4264
132
3227
1180
2590
3952
3671
3807
1603
2568
1148
1595
2248
418
2196
465
4437
2494
1450
4547
2526
2970
2181
35
4485
974
2802
2829
1568
2546
4510
1473
2790
4851
4069
4680
619
2276
1658
864
4581
2545
1755
578
3755
3863
191
153
2377
2304
2063
901
2682
3370
3495
4709
2395
4111
4720
4940
664
4727
819
4106
3565
2257
3635
42
1923
3369
4424
1252
221
